nep 1 Si 
cutoff 5.5 5.5 15 15
n_max 12 12
l_max 4
ANN 40 0
 -3.9359428e-02
 -8.0255128e-02
  2.1756595e-02
  3.3320815e-04
 -2.0676576e-01
  7.8698114e-02
 -3.1793505e-04
  9.3488816e-06
 -4.0151048e-02
  1.9179026e-03
  4.9995221e-03
 -1.7928547e-01
  2.4084011e-02
 -4.3771833e-02
  3.1574428e-02
 -5.7566520e-02
  6.8904899e-02
 -3.6576137e-02
 -3.1225018e-02
  2.3002329e-03
  2.9479744e-02
  1.2804852e-04
 -1.8865004e-01
  4.8435505e-02
 -6.5922424e-02
  2.6110008e-02
  1.6021642e-01
 -5.6220062e-02
  3.5769978e-04
  6.8805791e-03
 -5.9303585e-03
 -6.8587340e-02
 -4.1830917e-05
 -1.3067413e-02
  1.6062629e-01
 -8.1066869e-02
 -1.3073011e-01
 -1.2255726e-02
  1.3279515e-02
 -1.8801342e-03
 -6.9004688e-03
  1.3054324e-05
  3.2162839e-01
  1.1264106e-02
 -5.5314990e-04
  1.3272756e-02
  2.7720925e-01
  7.4179936e-03
  3.7622783e-02
 -1.3888974e-01
 -7.8935787e-02
  9.7602054e-02
  2.6280487e-01
 -2.1294191e-02
 -1.0465647e-01
 -2.7985720e-02
 -1.9391919e-02
  1.0913011e-01
  3.4791611e-02
  3.6329489e-02
 -1.9348024e-01
 -3.7600300e-03
 -1.7351493e-02
 -8.5859418e-02
 -1.6598357e-01
 -6.9380330e-05
 -4.1852214e-05
  3.1092811e-06
 -1.3473184e-05
 -2.1075399e-05
  2.5733143e-05
 -2.6671325e-06
  8.9822297e-06
  3.1423078e-06
  3.4560042e-06
  2.2293098e-06
  6.7895508e-06
 -1.3368730e-05
  6.8446407e-06
  5.8503379e-06
 -1.8299526e-06
 -4.1566459e-06
  4.6913962e-07
 -4.2794099e-06
  1.7125018e-05
  3.7664162e-05
 -5.1305615e-06
 -1.1137823e-05
 -4.3127570e-06
  5.2346818e-06
 -3.6681670e-06
  1.6532842e-05
 -3.8233866e-06
  5.5542828e-06
 -2.0604289e-06
 -3.9353185e-06
 -9.3633798e-06
  1.8644721e-06
  1.5322375e-06
  1.4910398e-05
  2.1312931e-06
 -1.9814686e-05
  1.3294296e-06
 -6.1075143e-06
  2.4845840e-06
  7.8480225e-06
 -1.5058858e-05
  4.7800681e-06
  1.6693763e-05
  2.0159305e-06
 -6.0662196e-06
  4.4568469e-06
  4.9109156e-05
 -2.4548910e-06
  9.0517378e-06
  6.1866690e-06
  7.8881430e-06
 -8.0477798e-07
 -1.9291508e-06
  4.4445347e-05
 -3.5505609e-06
  1.0231761e-05
  9.0104495e-06
  1.3308721e-02
  1.2131597e-05
 -9.3768261e-07
 -1.0613830e-05
 -2.7319197e-06
  1.9220764e-05
  8.7408662e-06
 -3.9545473e-02
  6.7272425e-02
  1.5738292e-01
 -8.0006965e-02
  1.9598597e-01
 -3.1588997e-03
 -9.8648719e-02
 -1.1853093e-01
  1.4807829e-01
 -2.0129983e-01
 -6.6373530e-03
  5.7023980e-02
  9.3477957e-02
 -5.3594351e-02
 -3.5877106e-01
  4.2579565e-02
 -3.2173327e-01
 -1.4411111e-01
  9.0820514e-02
 -2.6647332e-01
 -1.0730457e-01
  1.7115200e-02
  2.8755096e-06
 -1.8877853e-04
  5.9171624e-02
 -2.3168250e-05
 -2.5241742e-02
  5.0502819e-01
 -3.7703395e-02
 -5.2008752e-05
  4.5651829e-01
 -2.2762967e-02
  7.4036568e-02
  3.8346063e-02
 -2.5408495e-02
  5.2127581e-02
  5.9367854e-02
  1.5092476e-01
  3.1015454e-02
 -2.4253488e-01
  1.5873233e-02
  4.3931763e-05
  3.0860960e-04
 -1.4769184e-02
  1.3515516e-01
 -1.4960150e-01
 -1.8353990e-01
 -2.0921505e-03
 -7.7005953e-02
  1.6869301e-02
  1.2569651e-01
  1.9533917e-01
 -2.3247676e-05
 -7.4220479e-06
  1.7869025e-01
  1.3484416e-05
  1.2357943e-05
 -8.3808340e-02
 -1.3386643e-01
 -3.2112591e-02
 -6.5568388e-02
  3.4770019e-02
 -4.9558078e-04
 -1.1306820e-02
  1.9519773e-01
 -1.5707996e-02
 -8.3462529e-02
 -1.3469706e-01
 -3.8822663e-03
 -9.7251427e-01
  6.8698293e-01
 -2.8338531e-01
  1.6969293e-01
 -5.1888734e-01
  4.6063173e-01
  5.1742941e-01
 -8.3859242e-02
  1.5510867e-03
 -7.5437671e-01
  3.5023618e-02
 -6.5408880e-01
  3.3412400e-01
 -4.0146679e-01
  2.6211500e-01
 -6.9569051e-02
  4.0625387e-01
 -3.0184162e-01
  4.7034004e-01
 -2.2657605e-01
  5.9052771e-01
  3.9625950e-02
  3.0517370e-01
 -3.3241874e-01
 -7.5100034e-01
  1.0854046e+00
 -4.6927798e-01
  4.2076972e-01
 -5.8790985e-02
  1.1518017e-02
 -3.2189101e-01
 -3.0531308e-01
 -1.8588343e-01
  4.6091985e-02
  5.6938730e-02
  2.0407471e-01
 -5.0970620e-01
  4.4839430e-01
  1.5586129e-01
  1.0488374e-03
 -4.3889815e-01
 -3.7738913e-01
  7.0907307e-01
  2.6521906e-01
  6.8741524e-01
  8.7257797e-01
 -3.5053721e-01
  9.3369121e-03
  6.4805038e-02
 -6.3580656e-01
  3.8937920e-01
  1.7785029e-01
 -2.0775657e-02
 -7.1553940e-01
 -3.2779095e-01
  4.0949500e-01
  1.6031633e-03
  4.9686907e-03
  2.7847201e-01
  9.6626133e-01
  4.3361265e-02
  1.3578713e-01
  3.2128610e-02
  4.3597739e-02
 -1.5561762e-01
  4.2489803e-01
  2.3270812e-02
 -1.4742799e-01
 -1.6687194e-01
  8.4533371e-02
  1.2232606e-02
  1.8925478e-01
  1.8191572e-01
 -6.6597205e-01
  6.6387361e-06
  9.3346190e-01
 -4.9266985e-01
 -8.9881083e-05
  2.8648320e-01
  3.4721751e-02
  2.2878902e-01
  1.1087395e-02
 -1.2376438e-01
  6.3438348e-02
 -1.0007101e-01
  5.7388294e-02
 -3.5324728e-01
  7.8317285e-01
 -1.5977974e-01
  1.0879218e-01
  3.4391427e-01
  1.0501919e-01
 -2.5422430e-01
 -5.2842010e-02
  2.8714862e-01
 -1.3289185e-01
 -1.0862380e-01
 -6.2501293e-01
 -1.3155488e-02
  5.0191235e-02
 -3.4157649e-02
 -3.8140917e-01
  1.9238611e-01
 -1.7446205e-01
 -6.7959301e-02
 -1.7369865e-01
 -4.4626050e-02
  3.4271190e-01
 -1.5671910e-01
 -6.6659180e-03
  1.8997209e-03
  2.2490799e-01
 -1.3883284e-01
  3.9548516e-01
  2.1550713e-01
 -4.1171503e-01
 -1.2779516e-01
  5.3068151e-04
  5.1695690e-02
  1.6132277e-01
 -8.9127079e-02
 -2.1988100e-01
  8.7785780e-02
 -7.2512358e-02
 -1.4397287e-01
  3.3055356e-01
 -1.6063370e-01
  1.0173955e+00
 -4.0734771e-01
  1.1755969e-01
 -8.2107760e-02
 -2.7398208e-01
 -3.3717972e-01
 -1.5712620e+00
 -1.4616576e+00
 -3.7589386e-01
 -7.3427334e-02
  2.9475111e-01
  1.0447685e+00
 -1.0716917e-01
 -3.1824965e-02
  5.2625284e-02
  8.5303545e-02
  5.8473063e-01
  7.2445542e-02
 -4.6300493e-02
  1.4311987e-01
  3.6255786e-01
 -2.8408302e-02
 -4.1290823e-02
 -2.1606243e-01
 -1.8255767e-01
 -4.0987444e-01
 -5.3594112e-01
  9.6578771e-01
  8.9507079e-01
  6.8128079e-01
 -6.3688874e-02
  9.8550552e-01
  5.5925560e-01
  5.8219379e-01
 -3.3526415e-01
  4.8081678e-01
 -3.0837420e-01
  1.4084421e-01
  4.2288635e-02
  5.0807965e-01
  5.5466092e-01
  2.2865146e-01
 -1.0133261e-01
  2.7557293e-01
 -8.5581571e-02
  1.0033686e+00
  1.0329136e-01
  1.9653128e-02
 -1.2000684e-01
  4.7048964e-02
 -6.1043151e-02
  2.9499379e-01
  5.0761089e-02
  5.4524720e-01
 -4.0812227e-01
  8.7428397e-01
  2.6741682e-02
  1.0010018e+00
  1.7102893e-01
  3.2060349e-01
  8.7017298e-04
  1.1811699e-01
 -3.8419369e-01
 -1.2903325e-02
  1.0662758e-01
  1.8545294e-01
 -7.3354840e-01
 -7.4160695e-02
 -4.5007211e-03
  8.9671528e-03
  3.6670047e-01
  2.5284851e-01
  1.9990489e-02
 -7.2570942e-02
 -1.9597633e-01
  2.1440420e-01
 -4.1405046e-01
  1.8141989e-03
  5.9298122e-01
 -4.9120162e-02
 -2.0706986e-01
  3.6530784e-01
  2.7138194e-01
  4.7640011e-01
  6.4554519e-04
 -9.2975602e-02
  2.0614749e-02
 -1.3240850e-01
  3.2909864e-01
 -8.2533628e-02
 -5.9800923e-02
  2.9003820e-01
  6.8105318e-02
 -3.1284529e-01
  2.1847226e-01
  2.9277167e-01
 -2.7394190e-01
  1.3254096e-01
 -1.0985468e-02
  2.5972638e-03
  6.4912401e-02
 -4.3591954e-02
  2.0174453e-02
 -2.5372177e-01
  2.4510834e-01
  4.0011033e-01
 -1.1532454e-01
 -1.7639293e-01
 -1.8687765e-01
  1.4898980e-01
  4.1754495e-02
 -1.0892437e-01
 -7.1364790e-02
  2.2980267e-01
  2.7365625e-02
 -6.1900977e-02
 -4.6295735e-01
 -8.0985799e-02
  4.9770042e-01
  2.6502007e-01
  3.6705327e-01
 -2.7696809e-02
 -1.9451278e-01
 -5.1809967e-01
  1.5930448e-01
  3.6110159e-05
  2.6419765e-01
 -5.7326101e-02
  2.1035869e-02
  2.4063454e-06
 -1.7981035e-06
 -1.0778054e-05
  1.1276846e-05
 -4.5645761e-06
  3.0829480e-05
  1.7806751e-06
 -3.3977440e-06
 -5.3513077e-06
  3.3395718e-05
 -2.5584602e-06
  2.7451852e-06
 -9.0607148e-07
 -2.4330693e-05
 -1.0474782e-05
  3.3284632e-06
 -1.5047274e-06
  3.4345378e-06
 -2.4404262e-06
 -2.6288084e-05
 -1.0586355e-05
  4.0743557e-06
  9.8682285e-05
  1.0989348e-05
  5.3928729e-06
  2.9982641e-05
  1.4452579e-05
 -6.0239799e-06
 -5.2343872e-05
  1.2411829e-05
 -2.3254350e-05
 -3.3862794e-05
 -6.0295122e-05
 -9.9036215e-06
 -2.9561324e-06
  1.2841573e-05
 -2.0414266e-06
 -1.2453379e-05
  2.4090550e-06
 -2.3060182e-05
 -2.5887464e-05
  9.9173885e-06
 -3.5543056e-07
 -6.2300796e-06
 -1.0276551e-07
  2.6604293e-06
 -3.8686234e-05
  1.5327892e-05
 -6.9521216e-06
 -4.9638520e-06
  6.6141120e-06
  9.3517865e-06
 -9.2513110e-06
 -2.0100501e-06
  1.9485733e-06
  3.2856101e-06
  4.0332620e-06
 -2.4243095e-06
 -1.3340381e-05
 -1.0532804e-05
  2.3746308e-05
  5.7876127e-06
  2.8198509e-05
 -4.2094407e-06
  1.6333863e-06
 -2.9730818e-01
 -1.1614411e-01
  9.6166366e-01
  1.2759966e-01
 -3.1087154e-01
  2.6498422e-01
 -5.7664794e-01
  1.5961793e-01
 -9.8673366e-02
 -1.1073732e-01
 -4.2825696e-01
  8.0048800e-02
  2.4046266e-02
 -1.6999924e-01
 -2.3301679e-01
 -2.5568652e-01
 -3.0497300e-02
 -3.8627735e-01
  5.6131190e-01
 -5.4246794e-02
  3.5503173e-01
 -2.7128509e-01
 -4.5829406e-03
  1.3706897e-01
  1.4871025e-01
 -9.1051117e-02
  5.3172308e-01
  1.1274560e-01
  4.2563695e-02
 -2.2385843e-01
 -2.0992772e-01
 -2.0621517e-01
  1.1019935e-02
  5.1489107e-02
  1.0293270e-01
  2.0303813e-01
 -3.2543162e-01
 -1.5849361e-01
 -2.1424558e-02
  1.6910855e-01
 -1.9176744e-01
  6.1724882e-04
  2.2466363e-01
 -1.3814680e-01
 -1.0059919e-01
 -1.2336066e-01
  3.0460772e-01
 -5.2743629e-03
 -5.0694458e-02
 -3.5619032e-01
 -2.6074204e-01
 -2.4467747e-01
  6.1008263e-02
  1.9892739e-02
  1.5758741e-01
  1.1610531e-02
 -1.1101366e-01
  3.6839086e-01
 -1.0300585e-01
  3.0910823e-02
 -1.4625448e-01
 -2.6631776e-02
  5.4103240e-02
  2.0518105e-02
 -1.1454920e-01
  7.9304164e-06
  3.4956206e-06
  1.3795619e-05
  2.3009370e-05
  2.5792683e-06
 -3.7326636e-06
 -2.1952133e-07
 -1.0554007e-06
 -5.2689870e-06
  3.1743479e-05
 -7.3700926e-06
  7.6135111e-06
  9.0896647e-06
 -2.5684617e-06
  1.0525300e-06
 -8.5215624e-06
 -2.9149631e-05
  8.5093097e-06
  3.1925481e-06
  5.0411345e-05
 -2.2109311e-06
 -1.4713085e-06
  7.0862989e-06
 -1.5327603e-05
  5.1378111e-06
  9.1200081e-06
  5.2335283e-05
 -2.4945339e-05
 -5.9250098e-05
 -2.2031329e-06
  1.0221259e-05
 -7.8399971e-06
 -2.1705234e-06
 -2.3214047e-06
 -1.2919414e-05
  5.5040210e-03
  1.0594340e-06
  1.9688407e-05
  4.9060404e-06
 -1.3833775e-05
 -6.4726401e-06
  1.1037630e-05
 -2.2711109e-05
  1.1311197e-06
 -2.7961054e-05
  7.7873656e-06
 -1.3959508e-06
  4.3605265e-05
 -1.5304777e-05
  1.0120662e-05
 -3.1185916e-06
 -2.1280698e-06
 -7.3308688e-06
  2.6083828e-05
  5.2829905e-06
  1.0966558e-06
 -1.0847102e-05
  1.6452846e-05
 -6.2960221e-06
 -1.5523909e-05
 -8.6735093e-07
 -1.2966018e-05
  3.2641012e-05
  3.3410947e-06
 -8.8390470e-06
  7.1285982e-03
  9.0507105e-02
 -1.8987527e-01
  5.7691190e-02
  1.3111967e-01
 -1.9511372e-02
  2.2590840e-01
 -3.5600666e-02
  8.1100054e-03
  4.1344427e-02
 -2.6484473e-02
  1.9077206e-03
  6.3539229e-02
  3.0946335e-06
 -1.0617837e-01
  2.6230203e-04
 -1.2250900e-01
 -5.3475033e-03
  1.1448358e-01
 -9.7349316e-02
 -1.1131466e-01
  5.0220615e-03
  6.2627814e-06
 -7.5701651e-06
  4.3787971e-02
  2.5891599e-03
 -4.2489469e-02
  9.3973778e-02
 -3.4710567e-05
  2.7554430e-02
  8.2925828e-03
  1.2734857e-01
  1.4755720e-01
  5.1897853e-03
 -2.0518076e-01
  4.4072196e-02
  2.6502621e-03
  3.7907295e-02
  7.6428682e-02
  8.2588987e-03
  1.5724382e-06
 -4.4525579e-02
  2.3156742e-03
 -5.6441367e-04
  4.9861491e-04
  6.8047181e-02
 -2.4519423e-01
  2.1602471e-01
  1.3781171e-03
  3.9699734e-03
  6.1729182e-03
  9.5061951e-05
 -8.9717329e-02
 -3.0290368e-05
 -9.7288888e-05
 -3.8428821e-05
  7.7074908e-02
  1.7592812e-02
 -4.9580753e-02
 -1.4476904e-05
  8.1512984e-03
  5.3361785e-02
  2.6635833e-03
  1.3800054e-02
  2.9319918e-02
 -6.0200202e-01
 -1.0333198e+00
 -2.0346174e-01
 -8.3811617e-01
  1.4659315e-01
 -2.5618988e-01
 -1.1654080e-01
  1.1115069e+00
  2.7456248e-02
  2.4078354e-01
  3.5252231e-01
  5.5578053e-01
 -2.8820515e-02
  4.3566419e-05
  4.5922849e-01
 -3.6345959e-01
  4.5595023e-01
  2.1588506e-01
 -1.6522391e-02
  3.1264266e-01
  1.1802559e-01
  2.7503920e-01
 -1.2199385e-07
  2.5088981e-01
  1.1491538e-01
  5.1163529e-06
  1.7877483e-01
 -5.5510545e-01
  3.1936768e-01
  3.7696669e-01
 -1.4837024e-01
  6.5631431e-01
  3.0404207e-01
  1.9632755e-01
  4.0889117e-01
 -2.2743179e-01
  3.6241415e-01
 -1.3540949e-01
  8.6946592e-02
  2.7997032e-01
 -1.3800486e+00
  5.9538633e-01
  6.5400630e-01
  1.4614113e-01
  2.5082806e-02
  5.1606143e-01
 -3.0906438e-03
 -1.2747180e-01
  8.0457771e-01
  2.3904648e-01
  4.8926366e-03
  1.5669240e-01
 -2.4241956e-01
  1.2755255e-01
  5.7259858e-01
 -3.0338792e-02
 -1.0478335e-01
  4.1661596e-01
  2.6863715e-01
 -6.5104719e-03
 -1.2472340e-01
  2.4978140e-02
  6.4426728e-02
  1.2511192e-01
 -1.7070925e-01
  4.9928299e-06
  2.1531243e-06
 -2.7159296e-05
 -1.8532577e-05
 -3.4527777e-05
 -1.3705455e-05
  7.9253361e-05
  2.1742795e-05
 -3.6943848e-06
  9.5040168e-06
  1.3911172e-05
  1.7068951e-05
  3.0850941e-05
  1.4263239e-05
 -8.1590842e-06
  6.5334272e-05
 -9.8342789e-06
  7.9898182e-06
  1.6941523e-06
 -1.0545759e-07
  3.8646026e-06
 -2.4936162e-06
 -2.2155209e-05
 -3.9514332e-05
  1.8814491e-05
 -6.0124739e-06
 -1.4747809e-05
 -6.5764216e-06
 -2.2688146e-05
  5.0790750e-06
 -6.4866990e-06
  1.0461872e-05
  1.6040935e-06
  3.6408960e-06
  4.9343575e-06
  4.7931035e-06
  2.4917761e-05
  2.8742723e-05
  2.6038444e-05
  6.4816691e-06
  5.9015597e-06
  4.0760901e-06
 -9.9187873e-06
  2.6399039e-05
  1.3191022e-04
  9.2457576e-06
  3.3736078e-06
  3.6036985e-05
 -6.4249007e-06
 -1.5608553e-05
 -1.0823290e-06
 -1.1635431e-05
 -1.2885950e-05
  1.3648154e-05
 -1.1059829e-05
 -1.9134774e-05
 -1.0423387e-05
 -1.1096533e-05
  8.8837069e-06
  6.2401873e-06
 -3.7884078e-05
 -1.7926361e-05
 -9.5707064e-06
  6.0789685e-06
  4.0425180e-05
  3.4338915e-01
  2.3582573e-01
 -8.0130863e-01
  7.5928576e-02
  3.3871785e-02
 -6.4134920e-01
  7.9459026e-02
  4.7698370e-01
  3.7390791e-02
 -7.6159231e-02
 -8.1071466e-02
 -3.0504480e-01
  2.0131861e-01
  2.2140829e-01
  2.4028480e-01
 -6.0670473e-02
 -2.3013993e-06
  3.5673076e-01
  2.5545228e-02
  1.0304809e-02
  8.9675955e-02
 -7.8299872e-06
  6.0200351e-01
  3.1272210e-02
  1.6660023e-02
  1.7913131e-01
 -3.4617877e-01
 -1.4067408e-04
  3.2676226e-01
 -6.9983996e-02
 -6.3698791e-02
  1.7025726e-01
 -4.8087880e-01
 -3.7556925e-01
 -2.6116386e-05
 -8.7005785e-03
  5.6401286e-02
 -9.4451569e-02
 -8.3544455e-02
  2.8597102e-02
 -1.2242649e-03
  9.8629311e-02
 -6.3768104e-03
 -4.7372997e-01
 -1.1236041e-01
 -1.5249649e-01
 -1.1231356e-01
  1.3867359e-01
 -1.6740300e-01
  3.8470443e-02
 -6.2401056e-02
 -1.7122838e-01
 -7.7661365e-02
  1.4164601e-02
  2.3005646e-01
  3.3481068e-05
  7.1717119e-03
  1.6998453e-02
 -5.5835035e-02
 -1.4463641e-01
  5.9626468e-02
  2.3596711e-01
 -1.1686640e-03
 -7.5724937e-02
 -8.3697382e-03
  5.2085973e-02
  5.0574825e-03
  2.1455115e-01
 -6.3567378e-02
  3.2152049e-02
 -1.1585977e-01
  1.2749848e-01
  5.5206541e-02
  7.0966959e-02
 -5.4224607e-02
 -9.0418339e-02
  1.4940143e-01
 -7.2647266e-02
  3.1147382e-01
 -2.9004779e-01
 -1.2638541e-04
  3.8784647e-01
 -2.7440768e-01
  1.4073065e-02
  3.9164633e-01
 -3.2957835e-06
 -3.5338130e-02
  2.3795965e-01
  7.2599225e-02
  5.4635085e-02
  1.3277507e-01
 -3.4162480e-01
 -1.0807908e-01
 -6.0897136e-01
 -5.2280045e-01
  1.6653804e-02
  2.2579931e-01
 -3.2714903e-01
 -5.2116789e-02
  1.5631658e-01
 -5.4160602e-02
  5.2910537e-01
  1.4876276e-01
  5.7037391e-02
 -2.9536378e-02
 -6.6835120e-02
 -1.0647602e-01
 -1.2359290e-01
  1.6249667e-01
 -1.2617598e-01
 -5.6890946e-02
  2.6992029e-01
  2.0864260e-01
  1.5726283e-01
  5.0010240e-01
  1.2824121e-01
  1.9901960e-01
  1.3244750e-02
  6.1453078e-02
 -7.5692639e-02
  2.0124830e-01
  7.1043184e-04
  1.2942994e-01
  2.1888849e-01
 -4.3627921e-02
  2.5321377e-02
  2.5662917e-01
 -8.7828487e-03
  3.1973321e-02
 -3.7879005e-02
 -1.1967882e-05
 -2.1496917e-05
  5.2670068e-05
  5.0642248e-06
 -1.9972620e-05
 -3.6302616e-05
 -1.4145550e-07
  1.2406384e-05
  3.5094913e-06
 -3.0163017e-05
 -2.2610659e-05
 -1.5825244e-05
  1.1730038e-05
 -1.0653299e-06
 -7.2206667e-06
 -2.5050114e-05
  2.2912278e-05
 -1.7399984e-06
 -1.0109603e-05
  8.7817352e-06
 -4.8035195e-06
 -1.2271804e-06
 -2.7167807e-06
  8.3506668e-05
 -2.5216723e-05
 -1.2110771e-05
 -1.6819016e-05
  2.1700449e-05
 -1.1251060e-05
 -1.0338464e-05
  1.8267359e-05
 -4.0056561e-06
 -6.1774161e-05
 -6.3699908e-06
 -6.7446563e-05
 -5.5433645e-07
 -1.8780584e-05
  2.8986249e-06
 -5.8165133e-06
 -9.8548344e-06
 -2.1441514e-05
 -1.3668113e-05
 -7.0590618e-06
  1.7491280e-05
  3.7421702e-05
  2.6902328e-05
 -2.2550970e-05
 -7.5064072e-06
  2.2663821e-06
 -8.5819584e-06
  3.2105340e-06
 -3.1781731e-06
 -5.6161339e-06
  5.7451798e-06
  3.4867412e-06
  3.0126032e-05
  1.3477372e-05
  1.7179036e-05
  3.2401110e-06
  6.6264365e-06
  3.9460574e-06
 -7.7715094e-06
 -4.3838459e-06
 -7.3683891e-06
 -4.0975633e-06
 -7.9237145e-01
  1.7477386e-02
  2.7828762e-01
  1.6222608e-01
 -9.7012527e-02
  1.7536597e-02
  1.6780419e+00
 -2.8907295e-02
  6.6973656e-01
  7.8445691e-01
  1.5320422e-01
  5.5151188e-01
 -3.6743665e-01
  4.3206409e-08
  7.7038491e-01
 -2.9098746e-05
  3.1183437e-05
  4.9324390e-01
 -1.6725174e-01
  2.4219196e-01
 -1.7539516e-02
 -6.0519397e-02
 -3.6790013e-02
 -1.9335023e-01
  2.1246806e-01
 -4.9962010e-03
 -5.8619839e-01
 -7.1152866e-01
  8.5048670e-01
 -5.5501815e-02
  1.0501637e-01
 -1.8545713e-02
 -8.7690037e-01
 -7.0046284e-04
  2.9795535e-02
 -5.6399804e-01
  8.2650679e-01
 -1.5907364e-01
  2.6538381e-01
  5.3491026e-01
  1.5290766e+00
 -2.1995538e-01
 -8.8930440e-01
  3.8180556e-03
 -1.1861695e-01
 -8.2681203e-01
 -4.8934442e-01
 -5.1894128e-02
 -4.0641300e-02
  8.9710979e-03
  3.7915123e-01
 -6.6910547e-01
 -2.2078638e-01
  1.9815369e-01
 -7.8555655e-01
  9.3575060e-01
  4.0695798e-01
 -3.6382217e-02
 -3.5130563e-01
 -2.2144067e-01
 -4.8631650e-06
 -2.4313102e-02
 -3.3809966e-01
 -3.2790987e-05
  6.6960797e-02
 -1.4433652e-05
  5.5743358e-06
  5.3501567e-06
  1.1548904e-05
 -6.0411658e-06
 -2.2554819e-05
  1.4889396e-06
  4.6568075e-06
 -4.4082030e-06
  2.0484365e-05
 -2.0000211e-06
  3.2525339e-05
 -1.6654399e-06
 -3.5823882e-06
 -2.5971899e-06
  2.1659682e-07
  6.7713727e-06
  4.4175845e-06
  1.8048910e-05
  6.5769141e-06
  2.5114011e-06
  4.6490104e-06
  7.0705523e-06
  6.2033237e-06
  2.2778622e-05
 -1.3746316e-06
 -6.5234790e-06
 -2.0596968e-05
 -6.6618859e-06
  1.0704132e-05
 -2.9916050e-06
  8.8489487e-06
 -8.7749015e-07
 -3.4998749e-05
  1.8430514e-05
 -2.1191556e-05
 -1.8563171e-06
 -1.5423680e-05
  4.6806072e-05
  1.7521603e-05
  3.7111452e-06
  4.8745646e-06
 -4.0373861e-06
  2.4815713e-06
 -8.6875998e-06
 -3.1456796e-06
 -1.8932289e-05
  7.5772396e-06
  5.0157763e-05
 -2.7045612e-06
 -5.2658862e-07
 -3.0017493e-06
 -1.0672708e-05
 -5.7052025e-06
 -5.1058746e-06
 -5.0580561e-06
  2.2713908e-05
 -7.0114497e-06
 -4.8981428e-07
 -7.8205985e-06
  1.1999589e-05
 -3.6467754e-06
  6.5986831e-05
 -1.0377198e-05
 -6.0144953e-06
  1.2157952e-01
  1.3374905e-01
 -7.4086726e-02
  8.0866136e-02
 -6.6750705e-02
 -2.1548351e-02
  3.8662504e-02
 -3.4306671e-02
  9.1111302e-02
  6.5461129e-02
  9.8256938e-02
  5.7337202e-02
  8.2087889e-02
  2.2129488e-01
 -3.7913206e-01
  3.8703449e-02
  1.8498166e-01
  9.7471848e-02
  1.0033135e-01
  4.4647139e-02
  1.2978090e-01
 -3.9655771e-02
 -1.6500793e-02
  6.8114817e-02
  1.7450167e-01
 -7.6477319e-02
 -2.1942778e-01
  2.6845172e-02
  1.6903382e-02
  5.8709126e-02
  3.4234528e-03
  2.4513730e-01
  5.1000610e-04
 -3.6198232e-02
  4.3310281e-03
  6.1530292e-02
  2.4068686e-01
 -2.4302183e-02
 -4.3204941e-02
 -1.2064182e-01
  1.8118463e-02
  8.2877249e-02
 -2.6907986e-01
 -5.7680398e-01
  2.1454092e-02
  1.9965779e-02
 -2.3025174e-01
 -4.0435743e-01
 -7.7498183e-02
 -2.5637019e-01
 -1.4322864e-01
  1.2934864e-01
 -5.9269279e-01
 -1.7346886e-01
  1.1240377e-01
  1.4753821e-01
 -2.5995821e-01
  6.6120803e-02
  2.3473894e-02
 -9.0514615e-02
  5.2037273e-02
 -5.3441089e-02
  4.0224963e-03
 -6.9613926e-02
  1.2915418e-02
 -2.1077719e-02
 -1.2747553e-02
 -3.5477180e-02
 -1.0155879e-03
 -5.0670337e-02
 -4.7720324e-02
  8.2947658e-03
 -1.3582136e-02
 -2.5627002e-02
  2.7413448e-04
 -5.2200779e-05
 -7.4409868e-04
 -9.0837106e-03
  5.0268090e-07
 -5.9939091e-05
 -1.7588334e-05
  3.9662436e-06
  3.4333825e-05
  2.4133837e-02
 -1.9518316e-06
 -3.9535403e-06
  7.1991462e-06
 -5.8643182e-05
 -1.0857242e-04
 -2.1086021e-04
  5.7473540e-06
  3.8615672e-06
 -3.1430334e-02
 -5.8298692e-02
  1.7959985e-05
 -1.8338629e-05
  2.2521999e-05
  8.3845265e-02
 -2.5680814e-02
  1.5936921e-03
  1.7950849e-01
 -1.8187022e-01
  2.8131308e-05
 -5.2815972e-06
  5.2860260e-02
 -2.3350190e-02
 -1.2661218e-06
  4.0317392e-03
  3.9419915e-06
 -4.4826195e-02
  2.0588616e-02
  1.8063312e-05
  1.9689994e-02
  1.6061831e-01
 -1.3989127e-06
  4.4876890e-04
 -4.9281803e-06
 -3.7080318e-01
 -7.5892840e-06
 -6.6479281e-02
 -2.4340318e-01
  4.9548607e-06
  6.3060520e-06
 -2.5531353e-05
 -6.4487244e-07
  2.1557134e-02
  4.5478182e-06
 -1.3836015e-02
 -3.2264028e-02
  1.3892610e-06
  3.5417695e-05
  1.6412675e-06
 -3.0903527e-06
 -8.8926811e-07
  4.3601358e-06
 -1.4780851e-05
  6.9994232e-05
 -8.2835313e-06
 -6.9514240e-06
 -1.2664647e-06
 -1.8267348e-05
  4.5363709e-06
 -5.0986737e-06
 -2.6141124e-06
 -1.9387582e-05
 -2.9436198e-06
 -5.5720629e-06
  1.4794135e-05
 -2.7656272e-06
 -8.5135443e-06
 -4.6422037e-06
  6.0405769e-06
  6.4803248e-07
  3.5800895e-05
  2.7077224e-06
 -2.3639836e-06
  4.3017685e-06
 -1.5924354e-05
 -3.5153923e-06
  1.3607854e-06
  6.5146901e-07
  6.1634814e-06
 -1.4694256e-06
 -8.0242162e-06
 -7.6509232e-06
 -4.6301857e-06
 -5.9248279e-05
  1.2644019e-05
  4.2164938e-06
  8.9899040e-06
  2.2034965e-05
 -4.6100176e-05
 -1.6541459e-05
 -5.8357537e-06
  4.2313995e-06
 -1.4679267e-05
  4.9954224e-06
 -9.6382507e-08
 -5.1394381e-06
 -7.4400605e-06
 -6.1187948e-06
  1.6318660e-06
  8.0539312e-06
  3.1133248e-05
  5.5555347e-06
 -6.3084644e-06
 -8.5353884e-07
 -6.8653644e-06
  4.4267028e-05
  6.8489717e-06
 -1.0968305e-06
  4.6577321e-07
  1.4944127e-06
  6.8631834e-06
 -3.1839838e-05
  1.4393839e-01
  1.2817876e-01
 -8.3617043e-01
  9.1879660e-01
 -2.1412298e-02
  1.0104878e-01
  6.2504053e-01
 -3.4132132e-01
 -2.6894042e-01
 -3.2163095e-01
 -5.7417512e-02
  1.4335808e-04
 -9.4322143e-03
 -1.0946085e-01
  1.8224300e-01
  4.3028515e-02
  3.5682574e-02
 -5.1558971e-02
 -3.4142172e-01
  2.2704026e-01
  4.5271355e-01
 -1.3275924e-01
  2.0817036e-02
 -9.3437522e-04
  5.0792877e-02
  1.7371863e-01
  5.8286421e-02
 -3.6379847e-01
 -1.6573660e-01
  2.7820915e-01
 -1.2451033e-01
 -5.7865316e-01
 -2.8765285e-01
  2.9852968e-01
 -2.0221166e-01
  1.6090583e-02
  8.2568622e-01
 -6.5615982e-02
  2.0494787e-01
  4.1718242e-01
 -3.5313603e-01
  3.1914291e-01
  5.7392359e-01
 -1.2504950e-01
 -9.4564855e-03
 -3.0808684e-01
  4.4063351e-01
  3.2924403e-02
 -2.0235975e-01
 -7.9199094e-01
 -2.1629089e-02
  5.3948758e-04
 -3.4593755e-01
  4.6897373e-01
  3.9836541e-01
  3.0484498e-01
 -2.0881854e-01
  8.1296563e-02
 -5.3596413e-01
 -3.7153307e-03
  3.4585961e-03
  5.0153059e-01
 -2.2768955e-01
 -1.6319895e-02
 -2.5457519e-01
  1.9867737e-06
 -2.9893331e-06
 -9.8235660e-06
 -2.0761261e-05
 -5.5878576e-05
 -2.6872856e-05
  8.1362350e-06
 -3.0219639e-06
  1.0138882e-05
 -3.9176546e-05
 -2.4621854e-06
  4.8560742e-06
 -7.9376759e-06
  8.6930061e-07
 -7.5393964e-06
  6.4939750e-06
 -2.2775537e-05
 -1.8228615e-05
 -2.0538318e-06
 -4.4744957e-04
 -2.0157217e-06
  7.7078330e-06
 -7.8822137e-05
  1.9643774e-06
  8.0926548e-06
  1.6371881e-05
  1.1001249e-05
  3.9728602e-06
 -1.7176235e-05
 -8.6241162e-06
 -2.4891210e-06
  1.8917406e-05
 -5.9510853e-06
  4.1500107e-06
 -3.4706605e-05
  4.3851938e-05
 -7.0933156e-06
 -5.7777838e-06
  7.6140986e-07
  1.5710737e-07
  1.4931474e-06
  2.8940483e-05
 -1.5581137e-01
  4.9389250e-06
 -3.2002979e-05
 -4.4594817e-05
 -7.6034958e-06
 -5.4030238e-07
 -5.5435507e-05
 -2.2118206e-07
 -2.8153027e-06
  5.5162450e-06
 -3.2099226e-05
 -6.2944695e-05
  1.6003349e-05
 -2.7625585e-05
 -6.7484001e-07
 -1.5497385e-06
  8.1144544e-06
  2.9843302e-06
  1.8214783e-05
 -1.1622182e-05
 -1.5751890e-05
 -2.0876441e-06
  5.2337462e-05
 -6.8906337e-02
 -8.5051090e-02
 -6.8786934e-02
 -1.3625320e-02
  4.3782625e-02
 -2.5820684e-02
  9.6919358e-02
 -1.4911192e-04
  9.0592238e-04
  9.2113808e-02
 -8.3043128e-02
 -1.5144922e-01
  1.9635098e-01
 -6.9154862e-06
 -2.8501669e-01
  6.2928830e-06
 -4.8580863e-02
 -6.1304728e-03
  7.7227987e-03
  2.0606494e-05
 -3.7817273e-02
 -3.9425758e-03
  1.1937166e-01
 -3.3263954e-05
  2.2065353e-03
  8.9548789e-02
 -7.7196486e-02
  2.1659507e-01
 -2.5135382e-06
  9.0918504e-02
  5.7618327e-02
  2.9425567e-01
  7.4565760e-05
  1.7561541e-01
 -4.2290569e-05
  4.7806539e-02
  6.4136952e-02
  2.6355725e-02
  1.1386435e-01
  1.5184289e-06
  1.2248705e-01
 -2.8754294e-02
 -1.2628138e-01
 -1.2270904e-01
 -6.6267845e-04
 -9.9439017e-02
 -1.5982746e-01
  4.8831917e-02
 -5.5122051e-02
 -3.0434437e-06
  3.2037001e-03
  1.7435090e-05
 -9.4198801e-02
 -3.0262010e-02
  3.9608434e-02
 -3.7985663e-03
  1.6762700e-02
 -1.1001089e-01
 -2.2774767e-03
  1.2486201e-01
 -9.3886070e-02
 -5.8982391e-02
  4.0434677e-02
 -5.7864454e-02
  1.4774583e-02
 -2.0092508e-02
 -9.0719990e-02
  1.6791202e-01
 -4.0163708e-01
 -4.1814443e-01
 -3.2172897e-03
  4.3556175e-01
 -1.2710252e-01
 -1.7007455e-01
  3.6533225e-01
 -5.4811478e-02
  1.8828078e-01
  1.5984394e-01
 -1.5624690e-02
  3.4006178e-01
  1.5266209e-02
 -2.8399991e-02
  5.0843680e-01
  3.7497589e-01
  1.7846896e-01
 -4.0162690e-02
 -4.7431853e-01
  1.0437799e-01
 -1.5632731e-01
  3.3888750e-02
  5.9022039e-02
  2.9117054e-01
 -9.0076047e-01
  1.8869416e-01
  2.1962164e-01
 -1.9588280e-01
  3.1581539e-01
  1.3003916e-01
  3.3756760e-01
 -4.0323365e-01
  3.8274080e-01
 -2.6592320e-01
  1.1603645e-02
 -3.4497431e-01
  2.0562509e-01
 -2.2484110e-01
 -4.5671989e-03
 -2.8603381e-01
 -2.2964884e-01
  9.0034060e-02
  3.8017239e-02
 -2.8675532e-02
  5.0483454e-02
  6.7206398e-02
  1.4264068e-01
 -3.4338397e-01
 -4.9978618e-02
  2.3985730e-02
 -8.4930032e-02
 -2.0450536e-02
 -8.8451765e-02
 -8.1446759e-02
 -2.3296921e-01
 -2.5691175e-01
  6.7002252e-02
 -6.0665224e-02
  4.0997079e-01
  2.9689613e-01
 -2.8083557e-02
 -2.8102589e-01
 -8.5901231e-01
  1.5390163e-03
  2.3446208e-01
  7.5200421e-01
  1.7075959e-01
 -9.9410415e-02
  7.4272394e-01
 -7.3129177e-01
 -3.5596034e-01
 -1.0868276e-01
  3.3335367e-03
 -5.7083447e-02
 -4.1823697e-01
 -9.2877857e-02
 -1.8310323e-01
  2.0792472e-06
 -5.9077624e-06
 -3.4279931e-02
  1.6501026e-01
 -4.6498824e-02
  1.2411664e-02
 -1.3334155e-01
  3.6176236e-05
  5.0742444e-02
 -2.2763251e-01
  1.4665361e-02
 -5.3421861e-01
  1.7861009e-01
  4.2306030e-01
  2.8376758e-01
 -5.3273454e-02
 -1.5134808e-01
  1.1712416e-01
  4.0692309e-01
 -2.4896595e-01
  5.4199822e-02
 -1.1533521e-02
 -2.3712020e-02
  4.0580224e-02
  3.6722019e-01
  3.8372621e-02
 -1.0878806e-01
  1.8860486e-01
 -2.2794674e-03
 -7.1472615e-02
 -1.8730058e-01
  3.4589374e-01
 -3.1640950e-01
  2.6411042e-04
  7.2529349e-03
  2.2465377e-01
  4.0882833e-02
  6.7003357e-01
 -2.7971406e-02
  2.8708145e-01
  3.4935740e-04
 -8.1698988e-03
 -5.3944282e-02
  2.2706887e-04
 -1.5989187e-01
 -1.4772780e-01
 -3.9519317e-04
  1.4248773e-05
  1.3782437e-03
 -1.4134373e-02
 -5.2876204e-02
 -7.5757459e-02
  6.2906134e-01
 -3.0065835e-02
 -1.7508708e-02
 -1.7358742e-04
 -8.6645916e-02
  5.0923064e-02
 -1.3986455e-01
  7.3889799e-02
 -1.6117942e-01
  1.0380570e-01
 -2.1178870e-01
 -7.0398035e-03
  6.8910517e-02
 -4.0650356e-01
  5.0278709e-06
 -5.1347952e-04
 -2.2839755e-02
  1.0778548e-02
  1.9461021e-02
  1.2439868e-01
 -1.0120200e-01
  1.8043564e-01
  2.1921534e-03
 -2.3630236e-03
  6.1388260e-01
 -1.3284938e-01
 -7.1681477e-02
  2.2640169e-01
  2.2466457e-02
 -4.0124771e-01
  1.7879656e-02
  7.5932461e-01
  1.0998874e-03
  2.2663258e-02
  4.8671855e-04
  1.7092481e-02
  4.9186576e-02
 -8.5111940e-03
 -2.4949822e-01
 -4.7225080e-02
 -1.9230147e-01
  3.8120527e-02
 -1.5478508e-01
 -3.2548481e-01
 -1.5989344e-01
  8.4885322e-03
  1.7571203e-01
 -2.8663094e-03
  9.5366701e-02
  4.7556561e-05
  8.9694344e-02
 -3.7462257e-02
 -2.2789176e-01
 -2.1105038e-01
  1.8217942e-01
  1.7102595e-02
  8.7192178e-02
  2.1149211e-01
  2.5636731e-02
 -2.4474978e-02
 -8.9549236e-03
  2.1103181e-02
  1.3680120e-01
 -1.1041774e-05
 -4.2241140e-06
 -5.5270302e-06
 -3.7955993e-05
 -4.9148934e-05
  4.8748689e-06
 -6.8238674e-06
  1.5445617e-05
 -2.4063390e-06
 -3.8080492e-05
  5.7017076e-08
  1.6480951e-06
 -1.1361395e-06
 -1.3664968e-06
  1.1798551e-05
  6.1584528e-06
 -1.8299815e-07
 -3.9531478e-05
 -1.4005769e-06
  6.0558123e-06
  1.5084221e-06
 -2.9261602e-05
  2.0138836e-05
  3.8968330e-05
 -1.8001390e-05
  1.1051896e-05
 -3.1554242e-05
  3.7999856e-05
  2.0325611e-05
 -2.2675171e-05
  6.4950277e-06
 -9.5852294e-05
 -4.5425486e-07
  3.1604570e-05
  3.7624127e-06
 -7.0357282e-06
 -9.6632748e-06
 -2.0807394e-05
 -3.8975104e-05
 -1.0436791e-04
  8.8157321e-06
 -2.6234607e-06
  1.6573365e-06
 -1.5694255e-05
 -1.6551356e-05
 -5.5426094e-06
  4.7217786e-06
 -5.9686308e-06
  4.5239135e-06
  3.0973391e-05
 -1.8366734e-07
  3.0714971e-05
  1.1045073e-05
  1.5786763e-05
 -7.1475047e-06
 -1.9002055e-05
  1.4232625e-06
  1.8672592e-05
 -1.4864918e-05
  1.0253348e-06
 -9.7577310e-07
  2.1227472e-06
 -3.4547833e-05
 -1.2500102e-05
 -4.6254445e-07
  1.1019947e-01
  3.5576629e-06
  2.1617227e-05
  3.6300662e-06
 -9.8643804e-06
 -1.4588242e-05
 -2.3253553e-05
 -4.8033421e-06
  2.1281994e-06
  6.9317821e-07
 -3.7013901e-06
 -1.0535547e-05
 -2.0454661e-05
 -2.2287876e-04
  2.8950144e-05
  3.0061942e-06
  1.5866744e-05
  1.2357333e-06
 -2.0495911e-05
 -3.6597708e-06
 -1.4158666e-05
 -2.5173035e-06
 -2.9822709e-06
  1.7389754e-06
  6.6047369e-06
 -1.1143956e-05
 -2.0178337e-05
  2.9437204e-05
 -6.7347725e-07
  5.7904012e-06
  4.0637504e-05
  8.5647778e-05
 -1.1115088e-05
 -4.9750356e-06
 -1.6738872e-05
  3.3205729e-06
 -3.1602707e-05
 -3.8389585e-06
  3.4726086e-06
 -2.8644736e-05
 -3.3309494e-05
 -3.1424230e-07
  7.3298365e-06
 -4.1728244e-06
 -1.0331200e-05
 -1.3404800e-05
  4.3328173e-06
 -2.6166996e-05
 -2.2306494e-06
  2.1956404e-05
  1.2340869e-05
  2.0352665e-05
 -4.9227592e-06
 -8.7475646e-06
 -3.5582652e-05
  9.7350608e-07
  6.6199999e-07
 -6.0470711e-06
 -1.5124967e-05
 -3.5495264e-05
 -3.8546059e-06
  5.9200477e-07
  3.0257193e-05
 -2.7827525e-06
 -1.7182647e-06
  3.4294445e-07
  1.3590510e-07
 -1.1476038e-05
 -1.7526028e-06
 -1.1824120e-05
 -4.2637357e-06
  1.6962637e-06
 -1.5775545e-06
 -4.1371359e-06
  7.1114346e-06
 -3.2172858e-05
  6.4720421e-06
 -1.4035761e-05
 -4.6933706e-06
 -9.0925153e-07
 -3.4359968e-05
  1.4301670e-05
 -8.9348887e-06
  5.1256720e-06
  7.1774161e-06
 -4.7386688e-06
  2.2287542e-05
 -9.1739403e-06
  6.7613073e-05
 -2.1654874e-05
 -8.0786028e-04
  1.1735968e-05
 -4.7704216e-06
 -2.2827913e-05
 -2.0713251e-06
  1.3960585e-07
 -1.8502476e-05
  5.0860886e-05
  5.2480964e-06
  5.3290046e-07
 -8.3537825e-06
 -2.2124534e-05
 -1.0097948e-06
  1.3158539e-05
  2.8995216e-06
 -5.6949598e-06
  7.0235251e-06
 -4.5899151e-06
 -1.9475670e-05
 -3.2636832e-05
 -3.8939928e-05
  5.1866296e-06
  9.1409856e-06
 -3.6395380e-05
  5.2012592e-06
 -1.2050818e-06
 -3.2288157e-05
  1.8248766e-06
  1.3547814e-05
 -2.0880086e-06
  1.9499341e-06
 -4.9338059e-06
 -7.6177512e-06
  6.0944617e-06
 -7.8525900e-06
  2.4950252e-05
 -1.2140814e-05
  2.0874877e-06
  2.7304909e-06
  6.9049861e-06
  8.1469935e-01
  1.9771669e+00
  7.2494745e-01
 -1.1412752e+00
 -7.7167356e-01
 -8.0431801e-01
  6.0730934e-01
  8.5145062e-01
  9.8745689e-02
 -1.9307528e-01
  2.1556300e-01
 -4.6329382e-01
 -6.7126161e-01
 -2.5526199e-01
 -3.0824441e-01
 -3.0762920e-01
  5.7175674e-02
  3.5692155e-01
  2.5096011e-01
  1.7058515e-05
 -2.3675449e-01
 -1.6023760e-01
 -1.0082935e-01
 -2.9625535e-01
 -7.3958851e-02
  5.5866361e-02
 -1.2307892e-02
 -1.7718714e+00
 -3.1855303e-01
  1.2586441e+00
 -5.2447277e-01
 -4.5033780e-01
 -6.4583021e-01
  1.1515107e+00
  8.8955596e-02
 -1.6392285e-01
 -1.0970346e+00
 -1.1046137e-01
  9.7386269e-03
 -1.5693581e-01
  9.2096889e-01
 -1.0198482e+00
  4.0713541e-02
  3.6087289e-01
  6.0006481e-01
 -4.7959536e-02
 -5.5022764e-01
 -3.2650334e-01
 -7.8358375e-02
 -7.7301526e-01
  1.7862608e-01
  8.3317809e-02
  1.6060561e-01
  6.6603221e-02
 -5.7099700e-01
  7.8719892e-02
 -2.1105170e-01
  6.3803840e-01
  5.4006708e-01
  2.6932785e-01
 -1.7068960e-01
 -4.3870562e-01
 -6.7197317e-01
  2.1520090e-01
  9.2918366e-02
 -1.9900892e-05
 -2.4615121e-05
  1.8973389e-05
 -1.5651427e-05
  5.5514226e-07
 -4.3215491e-06
 -5.2030555e-06
 -9.7793850e-07
 -1.5899419e-06
  1.7478176e-05
  2.1505746e-06
 -1.8613451e-05
 -1.5064833e-05
 -1.1589371e-05
 -1.2648814e-05
  6.2326749e-06
  3.3540106e-05
 -3.0310800e-06
 -1.8959396e-05
  1.6117558e-05
  8.5724396e-06
 -2.2044256e-05
 -9.2671035e-06
 -1.1704406e-06
 -5.7853003e-06
  3.1947638e-05
  1.3468166e-06
  1.6959551e-04
  6.2471076e-06
 -1.7118484e-05
 -2.7031436e-05
 -5.1110137e-06
 -3.0853618e-05
 -1.1127383e-06
 -1.8671345e-06
 -4.2572074e-06
 -4.4312710e-06
 -4.8804345e-06
  8.9705449e-05
 -2.4414981e-06
 -1.2416242e-05
  8.6285024e-07
 -1.3951279e-08
 -2.2536415e-05
 -3.4229042e-06
  5.0621447e-06
 -2.1071201e-05
 -6.0470834e-06
  3.6546251e-06
  7.0209139e-06
 -2.1382022e-05
 -5.9805820e-06
 -3.2254746e-05
  2.9437728e-05
  2.2448770e-05
 -3.5650748e-05
  2.1701987e-06
  1.3312805e-06
  1.8436114e-05
  1.4245931e-05
 -3.5698738e-06
 -7.2602602e-06
 -3.9913957e-06
  1.1802776e-06
 -2.5195797e-05
  1.4326420e-01
 -3.3293229e-02
 -3.4827262e-01
 -7.7784836e-02
  5.4099499e-03
 -5.6787439e-02
 -5.6989101e-04
  3.9358169e-02
 -3.1885919e-01
  7.5563570e-03
  4.6320160e-06
 -5.0116451e-03
  1.9767463e-02
 -1.1617584e-02
 -8.3124012e-02
  3.2025910e-06
  7.4090976e-06
  1.4873757e-03
  1.0655341e-04
  2.4666272e-06
  1.3819214e-07
  1.8052475e-01
 -6.5770589e-02
 -1.6573596e-01
  1.5204060e-01
 -4.4477090e-02
  1.0881705e-02
  2.6188138e-01
 -4.3968342e-02
 -6.9707101e-05
  2.7278525e-01
 -5.2432334e-01
 -5.4938691e-06
  1.7199509e-01
 -5.5732954e-02
  4.2561255e-02
 -2.0186360e-05
  1.4753341e-05
 -1.4651936e-01
  1.6087965e-03
  9.8052295e-04
  2.4324919e-01
  1.4670229e-01
 -9.7808290e-05
 -1.7584335e-06
  5.5898400e-03
 -2.1434815e-05
 -2.7946217e-02
 -1.8959679e-02
  4.5078237e-02
 -4.1937057e-02
 -6.4796627e-02
 -1.0942207e-01
 -2.4484682e-03
 -2.4452733e-01
 -1.2144559e-01
 -2.0975087e-02
 -1.5112320e-01
 -9.9146491e-05
 -4.0335599e-03
 -2.8745073e-03
 -6.7618261e-05
  1.6846133e-02
 -5.9773885e-02
  4.2308596e-04
 -2.1177325e-06
 -3.0089559e-06
 -4.1272237e-06
 -1.8276098e-05
  3.8037149e-06
 -8.7215221e-06
  9.1968777e-06
 -8.3705172e-06
 -5.0242113e-07
  6.5304853e-06
  1.5888079e-05
 -3.6647893e-06
 -5.2315604e-06
  2.2538370e-07
 -4.6867503e-06
 -6.9061143e-06
  4.7326266e-06
 -2.7606211e-06
  2.5499012e-05
  1.9066541e-05
  4.5354982e-06
 -5.3793483e-06
  9.2594737e-06
 -2.2056040e-06
 -1.4900926e-05
  1.5542506e-05
  1.7048675e-05
  2.9248208e-06
 -1.6213276e-05
  6.7781575e-06
 -8.6768196e-06
  2.7212229e-05
 -1.6443785e-06
 -1.2527669e-05
 -1.7054163e-05
 -2.2942450e-06
 -2.8090606e-05
 -7.5647067e-06
 -5.9099530e-05
 -3.2538233e-06
  6.2182608e-08
  7.4438781e-06
  5.6427930e-06
  1.9834875e-05
  1.3798937e-04
 -1.0529589e-05
 -9.9876979e-07
 -1.7323058e-05
 -3.3333492e-06
 -5.7210509e-06
  3.8465965e-05
 -7.1976001e-06
 -5.9120339e-07
  1.3372888e-06
 -3.3669114e-06
  5.3078047e-06
 -1.7128972e-05
  5.0781186e-06
  4.8022853e-06
  2.1667262e-05
  8.3404336e-07
 -3.9457200e-06
  1.2088799e-05
 -1.7821647e-05
  3.5212594e-05
 -1.3778719e-01
  1.4262167e-03
  1.9498456e-02
 -3.0555654e-02
 -6.4440750e-02
  1.3051198e-01
 -2.7315059e-01
  1.3068220e-01
  3.8101390e-01
 -5.2904803e-01
  4.0541243e-02
 -1.4018250e-01
 -3.2100193e-02
 -1.5678973e-01
 -8.1161692e-05
 -1.0909989e-01
 -7.5592958e-05
 -4.0835148e-01
 -3.1988892e-01
 -3.6924143e-04
 -1.0867786e-01
  4.7244322e-01
 -1.4051387e-01
 -1.5834595e-01
  8.6218178e-02
  2.2236730e-01
  5.3591263e-02
  1.0430198e-02
  2.4460153e-01
  1.2329437e-01
 -6.0038716e-02
 -1.2931216e-01
 -1.0591256e-02
 -5.9877973e-02
  8.1927374e-02
  1.5522590e-01
 -4.2171720e-03
 -2.1080001e-01
 -1.9262683e-02
 -1.2044827e-01
  2.5310254e-02
 -1.6658014e-01
  1.9901478e-01
 -2.4907890e-01
 -2.3969769e-01
 -6.5368816e-02
  2.2129196e-01
 -3.3885635e-02
 -1.4527290e-01
 -1.0524850e-01
  1.2193989e-02
 -1.0389927e-04
  1.3686609e-01
 -9.4615847e-02
  9.6419252e-02
 -5.0119385e-02
 -1.8922326e-01
  1.0292640e-01
 -1.9062317e-03
 -1.7023493e-01
  3.2568842e-01
  1.6907641e-06
  2.7947980e-01
 -2.0549687e-02
 -2.3912966e-01
  6.2643975e-02
 -7.3042820e-06
  9.9177717e-04
  1.4745890e-05
 -1.0860512e-05
  9.3044600e-06
  1.4089081e-05
  1.4640410e-05
  7.3303431e-06
  4.0421608e-05
  6.9153073e-05
  8.0757436e-06
 -3.4494693e-05
 -5.0279186e-06
 -4.4664415e-05
 -5.8511546e-06
  1.2930090e-05
 -8.0504287e-06
  4.4610470e-06
  4.4737758e-06
  1.3163388e-05
  1.4111228e-05
  1.1678225e-05
  9.9920508e-06
  5.8775554e-06
 -5.5090072e-06
 -1.1064522e-05
  2.1875450e-05
 -1.4492864e-05
  1.3307360e-06
 -9.5166697e-06
  2.8385612e-06
  1.9106203e-06
  1.3188108e-05
  1.7249558e-05
  3.7969345e-05
  1.0283212e-05
  2.7094090e-06
  1.5719092e-05
  1.2123343e-05
 -8.2362916e-09
 -3.2466349e-05
  1.6129006e-06
 -7.8564653e-07
 -5.5252399e-06
 -2.4926760e-06
 -1.1886895e-05
  1.4513433e-05
 -2.9805115e-06
  9.4277520e-06
  1.9719953e-06
 -7.5086000e-06
 -1.1513491e-05
 -2.3317254e-05
  4.7901918e-05
 -2.1719286e-05
 -1.3003904e-05
  1.3130043e-05
 -1.2946008e-05
 -1.1251008e-06
 -4.0079576e-06
  3.6293077e-05
 -4.5475204e-05
  4.0014891e-07
 -4.5587230e-06
 -4.5712160e-05
 -4.2065933e-02
 -1.9114180e-01
 -4.2795457e-02
  4.0816911e-02
  3.7033360e-03
 -1.0886987e-01
  1.0624650e-01
 -6.1636172e-02
 -1.0075078e-01
  3.3620805e-02
 -2.3893432e-01
  2.6826370e-01
  2.4140538e-01
  4.6945158e-02
 -2.3487766e-01
 -3.1190971e-01
  3.1005431e-02
 -1.4811260e-01
 -4.2203203e-01
 -8.6255401e-02
 -1.0923383e-01
 -2.2933476e-02
  1.4124620e-01
 -4.6935640e-04
 -1.3461837e-01
  1.4973386e-01
  4.8543093e-01
  6.5074444e-01
  6.5572912e-01
  1.8448806e-01
  3.5065469e-01
 -4.9225591e-02
 -1.9820394e-04
 -1.9831368e-01
  3.8523346e-01
  4.4208452e-02
  3.4431260e-02
  1.3590465e-01
 -1.6800916e-02
  6.1313966e-03
  5.1250136e-01
  6.2975116e-02
 -2.2153917e-01
  1.8606292e-01
 -4.3400891e-02
 -9.3851693e-02
  1.8113557e-01
  2.1310708e-02
  6.2032402e-02
  1.2339010e-02
  3.2600135e-01
 -8.4855579e-02
  1.7771499e-01
  1.2616997e-02
  4.0481370e-02
 -1.8372948e-01
  6.1039936e-02
 -3.1602707e-02
 -5.7022184e-01
  5.9047067e-03
 -1.2765697e-01
  1.7878479e-01
  3.4105100e-02
 -7.8798726e-02
 -3.3333916e-05
 -2.4738201e-06
 -3.8099051e-06
  1.1268854e-05
  2.2112129e-06
 -1.4634340e-05
 -5.1083739e-06
 -1.5044993e-05
  1.0526205e-05
  5.7592733e-06
 -3.0000429e-06
 -5.0439641e-05
  1.1841443e-05
 -3.8217013e-06
 -4.4736127e-05
 -6.6804928e-06
  6.6962730e-06
 -3.7909954e-06
  1.4635803e-05
 -6.1375508e-06
 -2.9981020e-06
 -5.7915013e-06
  2.2161560e-06
 -1.0098965e-05
  2.7491760e-05
 -1.8567605e-06
 -1.3956518e-05
  3.7166443e-05
 -1.4245358e-05
 -6.1831865e-06
 -4.3403065e-06
  1.1787738e-05
  1.4985760e-05
  1.3996063e-05
 -3.0768019e-06
  7.5661237e-06
 -1.5065226e-05
  1.4414803e-05
 -6.6051944e-06
  6.3441917e-06
  1.4367086e-05
 -1.4917302e-05
 -9.4888054e-07
 -1.3213200e-05
 -1.0327667e-05
 -2.5716349e-07
  8.6519731e-06
 -1.0726885e-05
 -2.9885721e-06
 -6.6310800e-05
 -1.3207934e-05
  4.9760906e-06
 -3.7634156e-05
  1.4658805e-05
  7.3617189e-06
  3.3710517e-06
  1.3626485e-05
 -6.8970758e-06
  5.7506290e-06
  1.2965724e-05
  2.7507815e-05
 -1.4986981e-05
  1.8231069e-05
 -9.4442491e-08
  9.6314088e-06
  8.6425567e-01
  2.0800319e-01
 -3.4742311e-01
  6.5215999e-01
 -3.3717039e-01
 -1.0459958e+00
 -1.9858217e-01
  6.3227558e-01
 -9.1190481e-01
 -7.0902631e-02
  3.6622539e-01
 -9.6246265e-02
 -5.1679689e-01
 -3.7689531e-01
 -2.7213308e-01
 -5.6483239e-01
  1.2405058e-05
  3.1804273e-01
 -1.2003147e-02
  8.5185582e-07
  5.4190740e-02
  8.0952488e-02
  1.6797690e-02
  3.7993503e-01
 -1.5314500e-01
  1.0657913e-01
 -6.1128843e-01
 -8.9590335e-01
  1.9340266e-01
 -3.0863783e-01
 -5.3988844e-01
  1.1321957e-02
 -5.0961149e-01
  3.4277973e-01
  3.4058887e-01
  3.8705921e-01
  5.1455855e-01
  5.2206761e-01
 -4.7498282e-02
 -5.1423186e-01
  3.0524227e-01
 -4.6128649e-01
 -5.8136958e-01
 -3.0131313e-01
  3.6123523e-01
 -5.8514706e-07
 -2.2303130e-01
  2.2731458e-01
  3.8698366e-01
  6.4819318e-01
  4.0675801e-01
  5.8799130e-01
  5.0187540e-01
 -1.6616219e-01
 -5.2449274e-01
 -5.4151420e-03
 -2.9477090e-01
  2.2830984e-01
 -3.0060491e-01
 -4.9292323e-01
  1.7109591e-01
  1.9098625e-01
  1.9531399e-01
 -6.2936693e-01
  3.6828995e-01
  1.0915236e-05
  1.2228640e-05
  6.5465861e-06
  1.9020896e-06
 -2.0215877e-05
 -1.2557371e-05
 -7.6453261e-06
 -2.4560130e-05
 -1.0403070e-05
  1.0594465e-05
 -3.4369082e-06
  1.4186201e-06
  1.1472033e-05
  9.8529226e-06
 -5.0687681e-06
  5.4463649e-06
  1.3096173e-05
 -7.3363958e-06
  9.3416429e-06
  1.1436218e-05
 -1.4185910e-05
  6.9765160e-06
 -1.6593780e-05
 -1.3173805e-05
 -3.3193794e-06
  8.0527889e-06
 -6.5391978e-05
  3.8519070e-06
  7.1839572e-06
  3.7669743e-05
  1.8093006e-06
  2.4276922e-05
 -5.8254642e-07
  7.0801975e-06
 -4.5379507e-05
  1.4812699e-05
  2.8511349e-06
 -1.2616287e-05
  2.9074097e-06
 -6.5013264e-06
 -4.5682873e-06
  1.4927497e-05
 -1.6921103e-06
  1.4528749e-05
  5.4300195e-05
 -4.4581815e-05
 -1.4329631e-05
 -1.1113422e-05
  1.4574863e-05
 -7.2880534e-06
 -6.7104161e-06
 -5.1339907e-06
  8.5998481e-06
 -9.8511809e-06
 -3.6045590e-06
 -2.8373226e-05
  1.2380005e-05
  1.4672554e-05
 -8.3544641e-05
  9.0395270e-06
 -1.4749728e-06
 -3.8862463e-06
  7.3174531e-05
  2.2475265e-06
  3.6810143e-06
  1.4640515e-05
 -7.3859974e-07
 -5.4594624e-05
  4.9114648e-01
 -2.4598235e-01
  1.5037030e-01
  5.0655235e-02
 -6.6359130e-06
  4.0853375e-01
  3.1244610e-05
 -6.2160820e-05
  3.6667180e-01
  1.1172327e-05
 -1.2044915e-01
  1.7648496e-02
 -9.6306812e-06
  1.5231144e-01
 -8.3925343e-06
 -1.1091431e-02
  1.4554936e-05
  1.3174642e-05
  4.4928727e-01
  3.5337194e-05
  5.4560223e-06
  3.8467994e-01
 -1.6041744e-01
  1.8623774e-01
 -2.4552514e-06
  3.5989824e-06
 -7.5490548e-06
  1.9435408e+00
  4.4178163e-05
 -1.9683416e-03
  1.2448138e-05
 -1.8063367e-06
 -7.5315547e-06
 -4.5083216e-01
 -1.4258933e-05
  6.2300092e-01
 -3.6070807e-05
 -2.1719243e-01
 -9.4724745e-03
  1.2902865e-01
 -2.1421632e-01
 -2.8860584e-01
 -4.0060133e-01
  4.1327864e-01
 -3.5744396e-03
 -3.4818152e-01
 -2.0546104e-06
  1.7744379e-01
 -2.4955694e-01
  1.2590800e-05
  3.3353403e-01
  3.4469238e-01
 -1.3563532e-02
 -1.5318716e-01
 -2.5278852e-05
  2.7342296e-01
 -9.8438159e-02
 -8.1050630e-06
 -3.3036110e-01
  5.8273494e-04
  1.7804331e-01
 -3.8346064e-01
 -1.4010860e-01
 -2.9243466e-01
  6.1893996e-05
  1.4593101e-02
  1.3027248e-05
 -3.6828652e-01
  6.7897313e-06
 -2.1617356e-01
  4.2371732e-05
 -1.1350883e-01
  1.0573251e-02
  6.3020289e-01
 -4.2801357e-06
 -2.1855161e-01
  1.6101477e-06
  3.8539774e+00
  8.5274643e-01
  2.2792847e+00
  2.3276701e+00
  9.3855613e-01
  1.0122150e+00
  1.0694346e+00
  8.5974365e-01
  6.4065725e-01
  5.7422000e-01
  5.6649470e-01
  5.2351904e-01
  4.6796331e-01
  5.3611720e-01
  1.7565666e+00
  2.5673344e+01
  1.7173702e+01
  2.5453370e+00
  6.3480134e+00
  1.2955203e+01
  3.7008979e+00
  2.6032124e+00
  6.0010848e+00
  3.7533422e+00
  2.3605812e+00
  5.4139218e+00
  4.3854580e+00
  7.6043820e-01
  1.0849435e+01
  6.2796760e+00
  1.2659849e+00
  2.3438404e+00
  3.3555465e+00
  2.6008666e+00
  1.0678746e+00
  2.9939277e+00
  2.5480785e+00
  9.4570249e-01
  1.9135618e+00
  2.3708892e+00
  8.5413980e-01
  6.2017269e+00
  8.4312086e+00
  1.4003567e+00
  1.5275923e+00
  6.0787907e+00
  1.5207731e+00
  7.7637959e-01
  3.9630890e+00
  1.3697731e+00
  6.8925792e-01
  1.6321354e+00
  1.3495390e+00
  7.4504119e-01
  6.3330331e+00
  6.4332843e+00
  1.0644746e+00
  1.6196746e+00
  3.4497347e+00
  1.2492338e+00
  7.5932401e-01
  3.1043668e+00
  1.3398414e+00
  7.1930116e-01
  1.6019751e+00
  1.5548679e+00
